0 133200 0 650 0 1350
0 0 1450 1250
0 1 915 2030
0 2 6350 2000
0 3 1450 1250
0 4 915 2030
0 5 6350 2000
0 6 1450 1250
0 7 1450 1250
0 8 6350 2000
600 6 915 2030
720 6 915 2030
1320 6 1450 1250
1440 6 1450 1250
2040 6 915 2030
2160 6 915 2030
2760 6 1450 1250
2880 6 1450 1250
3480 6 915 2030
3600 6 915 2030
4200 6 1450 1250
4320 6 1450 1250
4920 6 915 2030
5040 6 915 2030
5640 6 1450 1250
5760 6 1450 1250
6360 6 915 2030
6480 6 915 2030
7080 6 1450 1250
7200 6 1450 1250
7800 6 915 2030
7920 6 915 2030
8520 6 1450 1250
8640 6 1450 1250
9240 6 915 2030
9360 6 915 2030
9960 6 1450 1250
10080 6 1450 1250
10680 6 915 2030
10800 6 915 2030
11400 6 1450 1250
11520 6 1450 1250
12120 6 915 2030
12240 6 915 2030
12840 6 1450 1250
12960 6 1450 1250
13560 6 915 2030
13680 6 915 2030
14280 6 1450 1250
14400 6 1450 1250
15000 6 915 2030
15120 6 915 2030
15720 6 1450 1250
15840 6 1450 1250
16440 6 915 2030
16560 6 915 2030
17160 6 1450 1250
17280 6 1450 1250
17880 6 915 2030
18000 6 915 2030
18600 6 1450 1250
18720 6 1450 1250
19320 6 915 2030
19440 6 915 2030
20040 6 1450 1250
20160 6 1450 1250
20760 6 915 2030
20880 6 915 2030
21480 6 1450 1250
21600 6 1450 1250
22200 6 915 2030
22320 6 915 2030
22920 6 1450 1250
23040 6 1450 1250
23640 6 915 2030
23760 6 915 2030
24360 6 1450 1250
24480 6 1450 1250
25080 6 915 2030
25200 6 915 2030
25800 6 1450 1250
25920 6 1450 1250