0 133200 0 650 0 1350
0 0 1450 1250
0 1 915 2030
0 2 6350 2000
0 3 950 1550
0 4 1050 1000
0 5 6050 1600
0 6 3050 1200
0 7 3050 2200
0 8 1450 1250
0 9 915 2030
0 10 6350 2000
0 11 950 1550
0 12 1050 1000
0 13 6050 1600
0 14 3050 1200
0 15 3050 2200
0 16 1450 1250
0 17 1450 1250
0 18 6350 2000
0 19 1450 1250
0 20 6350 2000
0 21 3050 1200
0 22 3050 2200
600 16 1183 1640
1200 16 915 2030
1200 17 1050 1000
1200 18 6050 1600
1500 16 915 2030
1500 17 1050 1000
1500 18 6050 1600
2100 16 950 1550
2400 16 950 1550
2700 17 1450 1250
2700 18 6350 2000
3000 16 915 2030
3000 17 1450 1250
3000 18 6350 2000
3300 16 915 2030
3900 16 1182 1640
4200 17 1050 1000
4200 18 6050 1600
4500 16 1450 1250
4500 17 1050 1000
4500 18 6050 1600
4800 16 1450 1250
5400 16 1183 1640
5700 17 1450 1250
5700 18 6350 2000
6000 16 915 2030
6000 17 1450 1250
6000 18 6350 2000
6300 16 915 2030
6900 16 950 1550
7200 16 950 1550
7200 17 1050 1000
7200 18 6050 1600
7500 17 1050 1000
7500 18 6050 1600
7800 16 915 2030
8100 16 915 2030
8700 16 1182 1640
8700 17 1450 1250
8700 18 6350 2000
9000 17 1450 1250
9000 18 6350 2000
9300 16 1450 1250
9600 16 1450 1250
10200 16 1183 1640
10200 17 1050 1000
10200 18 6050 1600
10500 17 1050 1000
10500 18 6050 1600
10800 16 915 2030
11100 16 915 2030
11700 16 950 1550
11700 17 1450 1250
11700 18 6350 2000
12000 16 950 1550
12000 17 1450 1250
12000 18 6350 2000
12600 16 915 2030
12900 16 915 2030
13200 17 1050 1000
13200 18 6050 1600
13500 16 1182 1640
13500 17 1050 1000
13500 18 6050 1600
14100 16 1450 1250
14400 16 1450 1250
14700 17 1450 1250
14700 18 6350 2000
15000 16 1183 1640
15000 17 1450 1250
15000 18 6350 2000
15600 16 915 2030
15900 16 915 2030
16200 17 1050 1000
16200 18 6050 1600
16500 16 950 1550
16500 17 1050 1000
16500 18 6050 1600
16800 16 950 1550
17400 16 915 2030
17700 16 915 2030
17700 17 1450 1250
17700 18 6350 2000
18000 17 1450 1250
18000 18 6350 2000
18300 16 1182 1640
18900 16 1450 1250
19200 16 1450 1250
19200 17 1050 1000
19200 18 6050 1600
19500 17 1050 1000
19500 18 6050 1600
19800 16 1183 1640
20400 16 915 2030
20700 16 915 2030
20700 17 1450 1250
20700 18 6350 2000
21000 17 1450 1250
21000 18 6350 2000
21300 16 950 1550
21600 16 950 1550
22200 16 915 2030
22200 17 1050 1000
22200 18 6050 1600
22500 16 915 2030
22500 17 1050 1000
22500 18 6050 1600
23100 16 1182 1640
23700 16 1450 1250
23700 17 1450 1250
23700 18 6350 2000
24000 16 1450 1250
24000 17 1450 1250
24000 18 6350 2000
24600 16 1183 1640
25200 16 915 2030
25200 17 1050 1000
25200 18 6050 1600
25500 16 915 2030
25500 17 1050 1000
25500 18 6050 1600
26100 16 950 1550
26400 16 950 1550
26700 17 1450 1250
26700 18 6350 2000
27000 16 915 2030
27000 17 1450 1250
27000 18 6350 2000
27300 16 915 2030
27900 16 1182 1640
28200 17 1050 1000
28200 18 6050 1600
28500 16 1450 1250
28500 17 1050 1000
28500 18 6050 1600
28800 16 1450 1250
29400 16 1183 1640
29700 17 1450 1250
29700 18 6350 2000
30000 16 915 2030
30000 17 1450 1250
30000 18 6350 2000
30300 16 915 2030
30900 16 950 1550
31200 16 950 1550
31200 17 1050 1000
31200 18 6050 1600
31500 17 1050 1000
31500 18 6050 1600
31800 16 915 2030
32100 16 915 2030
32700 16 1182 1640
32700 17 1450 1250
32700 18 6350 2000
33000 17 1450 1250
33000 18 6350 2000
33300 16 1450 1250
33600 16 1450 1250
34200 16 1183 1640
34200 17 1050 1000
34200 18 6050 1600
34500 17 1050 1000
34500 18 6050 1600
34800 16 915 2030
35100 16 915 2030
35700 16 950 1550
35700 17 1450 1250
35700 18 6350 2000
36000 16 950 1550
36000 17 1450 1250
36000 18 6350 2000
36600 16 915 2030
36900 16 915 2030
37200 17 1050 1000
37200 18 6050 1600
37500 16 1182 1640
37500 17 1050 1000
37500 18 6050 1600
38100 16 1450 1250
38400 16 1450 1250
38700 17 1450 1250
38700 18 6350 2000
39000 16 1183 1640
39000 17 1450 1250
39000 18 6350 2000
39600 16 915 2030
39900 16 915 2030
40200 17 1050 1000
40200 18 6050 1600
40500 16 950 1550
40500 17 1050 1000
40500 18 6050 1600
40800 16 950 1550
41400 16 915 2030
41700 16 915 2030
41700 17 1450 1250
41700 18 6350 2000
42000 17 1450 1250
42000 18 6350 2000
42300 16 1182 1640
42900 16 1450 1250
43200 16 1450 1250
43200 17 1050 1000
43200 18 6050 1600
43500 17 1050 1000
43500 18 6050 1600
43800 16 1183 1640
44400 16 915 2030
44700 16 915 2030
44700 17 1450 1250
44700 18 6350 2000
45000 17 1450 1250
45000 18 6350 2000
45300 16 950 1550
45600 16 950 1550
46200 16 915 2030
46200 17 1050 1000
46200 18 6050 1600
46500 16 915 2030
46500 17 1050 1000
46500 18 6050 1600
47100 16 1182 1640
47700 16 1450 1250
47700 17 1450 1250
47700 18 6350 2000
48000 16 1450 1250
48000 17 1450 1250
48000 18 6350 2000
48600 16 1183 1640
49200 16 915 2030
49200 17 1050 1000
49200 18 6050 1600
49500 16 915 2030
49500 17 1050 1000
49500 18 6050 1600
50100 16 950 1550
50400 16 950 1550
50700 17 1450 1250
50700 18 6350 2000
51000 16 915 2030
51000 17 1450 1250
51000 18 6350 2000
51300 16 915 2030
51900 16 1182 1640
52200 17 1050 1000
52200 18 6050 1600
52500 16 1450 1250
52500 17 1050 1000
52500 18 6050 1600
52800 16 1450 1250
53400 16 1183 1640
53700 17 1450 1250
53700 18 6350 2000
54000 16 915 2030
54000 17 1450 1250
54000 18 6350 2000
54300 16 915 2030
54900 16 950 1550
55200 16 950 1550
55200 17 1050 1000
55200 18 6050 1600
55500 17 1050 1000
55500 18 6050 1600
55800 16 915 2030
56100 16 915 2030
56700 16 1182 1640
56700 17 1450 1250
56700 18 6350 2000
57000 17 1450 1250
57000 18 6350 2000
57300 16 1450 1250
57600 16 1450 1250
58200 16 1183 1640
58200 17 1050 1000
58200 18 6050 1600
58500 17 1050 1000
58500 18 6050 1600
58800 16 915 2030
59100 16 915 2030
59700 16 950 1550
59700 17 1450 1250
59700 18 6350 2000
60000 16 950 1550
60000 17 1450 1250
60000 18 6350 2000
60600 16 915 2030
60900 16 915 2030
61200 17 1050 1000
61200 18 6050 1600
61500 16 1182 1640
61500 17 1050 1000
61500 18 6050 1600
62100 16 1450 1250
62400 16 1450 1250
62700 17 1450 1250
62700 18 6350 2000
63000 16 1183 1640
63000 17 1450 1250
63000 18 6350 2000
63600 16 915 2030
63900 16 915 2030
64200 17 1050 1000
64200 18 6050 1600
64500 16 950 1550
64500 17 1050 1000
64500 18 6050 1600
64800 16 950 1550
65400 16 915 2030
65700 16 915 2030
65700 17 1450 1250
65700 18 6350 2000
66000 17 1450 1250
66000 18 6350 2000
66300 16 1182 1640
66900 16 1450 1250
67200 16 1450 1250
67200 17 1050 1000
67200 18 6050 1600
67500 17 1050 1000
67500 18 6050 1600
67800 16 1183 1640
68400 16 915 2030
68700 16 915 2030
68700 17 1450 1250
68700 18 6350 2000
69000 17 1450 1250
69000 18 6350 2000
69300 16 950 1550
69600 16 950 1550
70200 16 915 2030
70200 17 1050 1000
70200 18 6050 1600
70500 16 915 2030
70500 17 1050 1000
70500 18 6050 1600
71100 16 1182 1640
71700 16 1450 1250
71700 17 1450 1250
71700 18 6350 2000
72000 16 1450 1250
72000 17 1450 1250
72000 18 6350 2000
72600 16 1183 1640
73200 16 915 2030
73500 16 915 2030
74100 16 950 1550
74400 16 950 1550
75000 16 915 2030
75300 16 915 2030
75900 16 1182 1640
76500 16 1450 1250
76800 16 1450 1250
77400 16 1183 1640
78000 16 915 2030
78300 16 915 2030
78900 16 950 1550
79200 16 950 1550
79800 16 915 2030
80100 16 915 2030
80700 16 1182 1640
81300 16 1450 1250
81600 16 1450 1250
82200 16 1183 1640
82800 16 915 2030
83100 16 915 2030
83700 16 950 1550
84000 16 950 1550
84600 16 915 2030
84900 16 915 2030
85500 16 1182 1640
86100 16 1450 1250
86400 16 1450 1250
87000 16 1183 1640
87600 16 915 2030
87900 16 915 2030
88500 16 950 1550
88800 16 950 1550
89400 16 915 2030
89700 16 915 2030
90300 16 1182 1640
90900 16 1450 1250
91200 16 1450 1250
91800 16 1183 1640
92400 16 915 2030
92700 16 915 2030
93300 16 950 1550
93600 16 950 1550
94200 16 915 2030
94500 16 915 2030
95100 16 1182 1640
95700 16 1450 1250
96000 16 1450 1250
96600 16 1183 1640
97200 16 915 2030
97500 16 915 2030
98100 16 950 1550
98400 16 950 1550
99000 16 915 2030
99300 16 915 2030
99900 16 1182 1640
100500 16 1450 1250
100800 16 1450 1250
101400 16 1183 1640
102000 16 915 2030
102300 16 915 2030
102900 16 950 1550
103200 16 950 1550
103800 16 915 2030
104100 16 915 2030
104700 16 1182 1640
105300 16 1450 1250
105600 16 1450 1250
106200 16 1183 1640
106800 16 915 2030
107100 16 915 2030
107700 16 950 1550
108000 16 950 1550
108600 16 915 2030
108900 16 915 2030
109500 16 1182 1640
110100 16 1450 1250
110400 16 1450 1250
111000 16 1183 1640
111600 16 915 2030
111900 16 915 2030
112500 16 950 1550
112800 16 950 1550
113400 16 915 2030
113700 16 915 2030
114300 16 1182 1640
114900 16 1450 1250
115200 16 1450 1250


