0 133200 0 650 0 1350
0 0 1450 950
0 1 915 1630
0 2 600 300
0 3 1450 950
0 4 915 1630
0 5 600 300
0 6 1450 950
0 7 1450 950
0 8 600 300
360 6 915 1630
480 6 915 1630
840 6 1450 950
960 6 1450 950
1320 6 915 1630
1440 6 915 1630
1800 6 1450 950
1920 6 1450 950
2280 6 915 1630
2400 6 915 1630
2760 6 1450 950
2880 6 1450 950
3240 6 915 1630
3360 6 915 1630
3720 6 1450 950
3840 6 1450 950
4200 6 915 1630
4320 6 915 1630
4680 6 1450 950
4800 6 1450 950
5160 6 915 1630
5280 6 915 1630
5640 6 1450 950
5760 6 1450 950
6120 6 915 1630
6240 6 915 1630
6600 6 1450 950
6720 6 1450 950
7080 6 915 1630
7200 6 915 1630
7560 6 1450 950
7680 6 1450 950
8040 6 915 1630
8160 6 915 1630
8520 6 1450 950
8640 6 1450 950
9000 6 915 1630
9120 6 915 1630
9480 6 1450 950
9600 6 1450 950
9960 6 915 1630
10080 6 915 1630
10440 6 1450 950
10560 6 1450 950
10920 6 915 1630
11040 6 915 1630
11400 6 1450 950
11520 6 1450 950
11880 6 915 1630
12000 6 915 1630
12360 6 1450 950
12480 6 1450 950
12840 6 915 1630
12960 6 915 1630
13320 6 1450 950
13440 6 1450 950
13800 6 915 1630
13920 6 915 1630
14280 6 1450 950
14400 6 1450 950
14760 6 915 1630
14880 6 915 1630
15240 6 1450 950
15360 6 1450 950
15720 6 915 1630
15840 6 915 1630
16200 6 1450 950
16320 6 1450 950
16680 6 915 1630
16800 6 915 1630
17160 6 1450 950
17280 6 1450 950
17640 6 915 1630
17760 6 915 1630
18120 6 1450 950
18240 6 1450 950
18600 6 915 1630
18720 6 915 1630
19080 6 1450 950
19200 6 1450 950
19560 6 915 1630
19680 6 915 1630
20040 6 1450 950
20160 6 1450 950
20520 6 915 1630
20640 6 915 1630
21000 6 1450 950
21120 6 1450 950
21480 6 915 1630
21600 6 915 1630
21960 6 1450 950
22080 6 1450 950
22440 6 915 1630
22560 6 915 1630
22920 6 1450 950
23040 6 1450 950
23400 6 915 1630
23520 6 915 1630
23880 6 1450 950
24000 6 1450 950
24360 6 915 1630
24480 6 915 1630
24840 6 1450 950
24960 6 1450 950
25320 6 915 1630
25440 6 915 1630
25800 6 1450 950
25920 6 1450 950
26280 6 915 1630
26400 6 915 1630
26760 6 1450 950
26880 6 1450 950
27240 6 915 1630
27360 6 915 1630
27720 6 1450 950
27840 6 1450 950
28200 6 915 1630
28320 6 915 1630
28680 6 1450 950
28800 6 1450 950
