0 133200 0 650 0 1350
0 0 1050 700
0 1 1450 950
0 2 1400 1250
0 3 950 1600
0 4 750 1750
0 5 1050 700
0 6 1450 950
0 7 1400 1250
0 8 950 1600
0 9 750 1750
0 10 1400 1250
0 11 1050 700
0 12 1450 950
0 13 1400 1250
360 10 950 1600
480 10 750 1750
840 10 1400 1250
960 10 950 1600
1320 10 750 1750
1440 10 1400 1250
1800 10 950 1600
1920 10 750 1750
2280 10 1400 1250
2400 10 950 1600
2760 10 750 1750
2880 10 1400 1250
3240 10 950 1600
3360 10 750 1750
4200 10 1400 1250
4320 10 950 1600
4680 10 750 1750
4800 10 1400 1250
5160 10 950 1600
5280 10 750 1750
5640 10 1400 1250
5760 10 950 1600
6120 10 750 1750
6240 10 1400 1250