0 133200 0 650 0 1350
0 0 1450 1250
0 1 915 2030
0 2 6350 2000
0 3 950 1550
0 4 1050 1000
0 5 6050 1600
0 6 1450 1250
0 7 915 2030
0 8 6350 2000
0 9 950 1550
0 10 1050 1000
0 11 6050 1600
0 12 1450 1250
0 13 1450 1250
0 14 6350 2000
0 15 1450 1250
0 16 6350 2000
600 12 1183 1640
1200 12 915 2030
1200 13 1050 1000
1200 14 6050 1600
1500 12 915 2030
1500 13 1050 1000
1500 14 6050 1600
2100 12 950 1550
2400 12 950 1550
2700 13 1450 1250
2700 14 6350 2000
3000 12 915 2030
3000 13 1450 1250
3000 14 6350 2000
3300 12 915 2030
3900 12 1182 1640
4200 13 1050 1000
4200 14 6050 1600
4500 12 1450 1250
4500 13 1050 1000
4500 14 6050 1600
4800 12 1450 1250
5400 12 1183 1640
5700 13 1450 1250
5700 14 6350 2000
6000 12 915 2030
6000 13 1450 1250
6000 14 6350 2000
6300 12 915 2030
6900 12 950 1550
7200 12 950 1550
7200 13 1050 1000
7200 14 6050 1600
7500 13 1050 1000
7500 14 6050 1600
7800 12 915 2030
8100 12 915 2030
8700 12 1182 1640
8700 13 1450 1250
8700 14 6350 2000
9000 13 1450 1250
9000 14 6350 2000
9300 12 1450 1250
9600 12 1450 1250
10200 12 1183 1640
10200 13 1050 1000
10200 14 6050 1600
10500 13 1050 1000
10500 14 6050 1600
10800 12 915 2030
11100 12 915 2030
11700 12 950 1550
11700 13 1450 1250
11700 14 6350 2000
12000 12 950 1550
12000 13 1450 1250
12000 14 6350 2000
12600 12 915 2030
12900 12 915 2030
13200 13 1050 1000
13200 14 6050 1600
13500 12 1182 1640
13500 13 1050 1000
13500 14 6050 1600
14100 12 1450 1250
14400 12 1450 1250
14700 13 1450 1250
14700 14 6350 2000
15000 12 1183 1640
15000 13 1450 1250
15000 14 6350 2000
15600 12 915 2030
15900 12 915 2030
16200 13 1050 1000
16200 14 6050 1600
16500 12 950 1550
16500 13 1050 1000
16500 14 6050 1600
16800 12 950 1550
17400 12 915 2030
17700 12 915 2030
17700 13 1450 1250
17700 14 6350 2000
18000 13 1450 1250
18000 14 6350 2000
18300 12 1182 1640
18900 12 1450 1250
19200 12 1450 1250
19200 13 1050 1000
19200 14 6050 1600
19500 13 1050 1000
19500 14 6050 1600
19800 12 1183 1640
20400 12 915 2030
20700 12 915 2030
20700 13 1450 1250
20700 14 6350 2000
21000 13 1450 1250
21000 14 6350 2000
21300 12 950 1550
21600 12 950 1550
22200 12 915 2030
22200 13 1050 1000
22200 14 6050 1600
22500 12 915 2030
22500 13 1050 1000
22500 14 6050 1600
23100 12 1182 1640
23700 12 1450 1250
23700 13 1450 1250
23700 14 6350 2000
24000 12 1450 1250
24000 13 1450 1250
24000 14 6350 2000
24600 12 1183 1640
25200 12 915 2030
25200 13 1050 1000
25200 14 6050 1600
25500 12 915 2030
25500 13 1050 1000
25500 14 6050 1600
26100 12 950 1550
26400 12 950 1550
26700 13 1450 1250
26700 14 6350 2000
27000 12 915 2030
27000 13 1450 1250
27000 14 6350 2000
27300 12 915 2030
27900 12 1182 1640
28200 13 1050 1000
28200 14 6050 1600
28500 12 1450 1250
28500 13 1050 1000
28500 14 6050 1600
28800 12 1450 1250
29400 12 1183 1640
29700 13 1450 1250
29700 14 6350 2000
30000 12 915 2030
30000 13 1450 1250
30000 14 6350 2000
30300 12 915 2030
30900 12 950 1550
31200 12 950 1550
31200 13 1050 1000
31200 14 6050 1600
31500 13 1050 1000
31500 14 6050 1600
31800 12 915 2030
32100 12 915 2030
32700 12 1182 1640
32700 13 1450 1250
32700 14 6350 2000
33000 13 1450 1250
33000 14 6350 2000
33300 12 1450 1250
33600 12 1450 1250
34200 12 1183 1640
34200 13 1050 1000
34200 14 6050 1600
34500 13 1050 1000
34500 14 6050 1600
34800 12 915 2030
35100 12 915 2030
35700 12 950 1550
35700 13 1450 1250
35700 14 6350 2000
36000 12 950 1550
36000 13 1450 1250
36000 14 6350 2000
36600 12 915 2030
36900 12 915 2030
37200 13 1050 1000
37200 14 6050 1600
37500 12 1182 1640
37500 13 1050 1000
37500 14 6050 1600
38100 12 1450 1250
38400 12 1450 1250
38700 13 1450 1250
38700 14 6350 2000
39000 12 1183 1640
39000 13 1450 1250
39000 14 6350 2000
39600 12 915 2030
39900 12 915 2030
40200 13 1050 1000
40200 14 6050 1600
40500 12 950 1550
40500 13 1050 1000
40500 14 6050 1600
40800 12 950 1550
41400 12 915 2030
41700 12 915 2030
41700 13 1450 1250
41700 14 6350 2000
42000 13 1450 1250
42000 14 6350 2000
42300 12 1182 1640
42900 12 1450 1250
43200 12 1450 1250
43200 13 1050 1000
43200 14 6050 1600
43500 13 1050 1000
43500 14 6050 1600
43800 12 1183 1640
44400 12 915 2030
44700 12 915 2030
44700 13 1450 1250
44700 14 6350 2000
45000 13 1450 1250
45000 14 6350 2000
45300 12 950 1550
45600 12 950 1550
46200 12 915 2030
46200 13 1050 1000
46200 14 6050 1600
46500 12 915 2030
46500 13 1050 1000
46500 14 6050 1600
47100 12 1182 1640
47700 12 1450 1250
47700 13 1450 1250
47700 14 6350 2000
48000 12 1450 1250
48000 13 1450 1250
48000 14 6350 2000
48600 12 1183 1640
49200 12 915 2030
49200 13 1050 1000
49200 14 6050 1600
49500 12 915 2030
49500 13 1050 1000
49500 14 6050 1600
50100 12 950 1550
50400 12 950 1550
50700 13 1450 1250
50700 14 6350 2000
51000 12 915 2030
51000 13 1450 1250
51000 14 6350 2000
51300 12 915 2030
51900 12 1182 1640
52200 13 1050 1000
52200 14 6050 1600
52500 12 1450 1250
52500 13 1050 1000
52500 14 6050 1600
52800 12 1450 1250
53400 12 1183 1640
53700 13 1450 1250
53700 14 6350 2000
54000 12 915 2030
54000 13 1450 1250
54000 14 6350 2000
54300 12 915 2030
54900 12 950 1550
55200 12 950 1550
55200 13 1050 1000
55200 14 6050 1600
55500 13 1050 1000
55500 14 6050 1600
55800 12 915 2030
56100 12 915 2030
56700 12 1182 1640
56700 13 1450 1250
56700 14 6350 2000
57000 13 1450 1250
57000 14 6350 2000
57300 12 1450 1250
57600 12 1450 1250
58200 12 1183 1640
58200 13 1050 1000
58200 14 6050 1600
58500 13 1050 1000
58500 14 6050 1600
58800 12 915 2030
59100 12 915 2030
59700 12 950 1550
59700 13 1450 1250
59700 14 6350 2000
60000 12 950 1550
60000 13 1450 1250
60000 14 6350 2000
60600 12 915 2030
60900 12 915 2030
61200 13 1050 1000
61200 14 6050 1600
61500 12 1182 1640
61500 13 1050 1000
61500 14 6050 1600
62100 12 1450 1250
62400 12 1450 1250
62700 13 1450 1250
62700 14 6350 2000
63000 12 1183 1640
63000 13 1450 1250
63000 14 6350 2000
63600 12 915 2030
63900 12 915 2030
64200 13 1050 1000
64200 14 6050 1600
64500 12 950 1550
64500 13 1050 1000
64500 14 6050 1600
64800 12 950 1550
65400 12 915 2030
65700 12 915 2030
65700 13 1450 1250
65700 14 6350 2000
66000 13 1450 1250
66000 14 6350 2000
66300 12 1182 1640
66900 12 1450 1250
67200 12 1450 1250
67200 13 1050 1000
67200 14 6050 1600
67500 13 1050 1000
67500 14 6050 1600
67800 12 1183 1640
68400 12 915 2030
68700 12 915 2030
68700 13 1450 1250
68700 14 6350 2000
69000 13 1450 1250
69000 14 6350 2000
69300 12 950 1550
69600 12 950 1550
70200 12 915 2030
70200 13 1050 1000
70200 14 6050 1600
70500 12 915 2030
70500 13 1050 1000
70500 14 6050 1600
71100 12 1182 1640
71700 12 1450 1250
71700 13 1450 1250
71700 14 6350 2000
72000 12 1450 1250
72000 13 1450 1250
72000 14 6350 2000
72600 12 1183 1640
73200 12 915 2030
73500 12 915 2030
74100 12 950 1550
74400 12 950 1550
75000 12 915 2030
75300 12 915 2030
75900 12 1182 1640
76500 12 1450 1250
76800 12 1450 1250
77400 12 1183 1640
78000 12 915 2030
78300 12 915 2030
78900 12 950 1550
79200 12 950 1550
79800 12 915 2030
80100 12 915 2030
80700 12 1182 1640
81300 12 1450 1250
81600 12 1450 1250
82200 12 1183 1640
82800 12 915 2030
83100 12 915 2030
83700 12 950 1550
84000 12 950 1550
84600 12 915 2030
84900 12 915 2030
85500 12 1182 1640
86100 12 1450 1250
86400 12 1450 1250
87000 12 1183 1640
87600 12 915 2030
87900 12 915 2030
88500 12 950 1550
88800 12 950 1550
89400 12 915 2030
89700 12 915 2030
90300 12 1182 1640
90900 12 1450 1250
91200 12 1450 1250
91800 12 1183 1640
92400 12 915 2030
92700 12 915 2030
93300 12 950 1550
93600 12 950 1550
94200 12 915 2030
94500 12 915 2030
95100 12 1182 1640
95700 12 1450 1250
96000 12 1450 1250
96600 12 1183 1640
97200 12 915 2030
97500 12 915 2030
98100 12 950 1550
98400 12 950 1550
99000 12 915 2030
99300 12 915 2030
99900 12 1182 1640
100500 12 1450 1250
100800 12 1450 1250
101400 12 1183 1640
102000 12 915 2030
102300 12 915 2030
102900 12 950 1550
103200 12 950 1550
103800 12 915 2030
104100 12 915 2030
104700 12 1182 1640
105300 12 1450 1250
105600 12 1450 1250
106200 12 1183 1640
106800 12 915 2030
107100 12 915 2030
107700 12 950 1550
108000 12 950 1550
108600 12 915 2030
108900 12 915 2030
109500 12 1182 1640
110100 12 1450 1250
110400 12 1450 1250
111000 12 1183 1640
111600 12 915 2030
111900 12 915 2030
112500 12 950 1550
112800 12 950 1550
113400 12 915 2030
113700 12 915 2030
114300 12 1182 1640
114900 12 1450 1250
115200 12 1450 1250


