1004	577	17	0.029462738301559793	0.029462738301559793
2006	530	20	0.03342366757000903	0.03773584905660377
3012	490	21	0.036318096430807766	0.04285714285714286
4014	530	29	0.04090267983074753	0.05471698113207547
5018	559	57	0.05361131794489948	0.10196779964221825
6021	535	21	0.05122632722756908	0.03925233644859813
7025	558	23	0.04974861074358296	0.04121863799283154
8027	513	38	0.05265610438024231	0.07407407407407407
9029	501	24	0.0521593991237221	0.04790419161676647
10032	505	21	0.0511513778784447	0.041584158415841586
Message stats for scenario default_scenario
sim_time: 10701.6000
created: 5661
delivered: 279
delivery_prob: 0.0493
