1007	33	14	0.42424242424242425	0.42424242424242425
2022	34	16	0.44776119402985076	0.47058823529411764
3037	34	15	0.44554455445544555	0.4411764705882353
4055	35	19	0.47058823529411764	0.5428571428571428
5069	34	53	0.6882352941176471	1.5588235294117647
6091	35	19	0.6634146341463415	0.5428571428571428
7120	35	20	0.65	0.5714285714285714
8121	34	29	0.6751824817518248	0.8529411764705882
9134	35	18	0.656957928802589	0.5142857142857142
10140	35	16	0.6366279069767442	0.45714285714285713
Message stats for scenario default_scenario
sim_time: 10701.6000
created: 364
delivered: 222
delivery_prob: 0.6099
